`img.data` <-
structure(list(z = c(1,1,0,0,0,1,1,1,0,1,0,0,0,1,
1,0,0,1,1,1,1,1,1,1,1,0,1,0,1,1,0,0,0,0,0,
0,1,1,0,0,1,0,0,0,0,1,0,1,0,0,1,1,0,0,1,1,
0,0,0,1,1,1,0,1,1,1,1,1,1,0,0,0,1,1,0,0,1,
1,1,1,0,1,0,0,1,1,1,0,1,1,0,0,0,0,1,1,1,1,
1,1,0,1,0,1,1,1,1,1,1,1,1,1,1,1,1,1,0,0,0,
1,0,1,1,1,1,1,1,0,1,1,0,0,1,1,1,1,0,0,0,0,
1,1,0,0,1,1,1,1,1,1,0,1,1,1,0,1,0,0,1,1,1,
1,1,1,1,0,1,1,1,1,1,0,0,1,1,1,1,1,1,1,1,1,
1,1,1,1,0,1,1,1,0,1,1,0,1,1,0,0,1,0,0,1,1,
1,0,1,0,1,0,1,1,1,1,1,0,1,1,1,0,0,1,1,0,1,
0,0,1,1,1,1,0,0,0,0,0,1,0,0,1,0,1,1,0,0,1,
1,0,1,1,1,1,1,1,0,0,0,0,1,0,1,1,1,1,0,0,1,
1,1,1,1,1,1,1,1,1,1,0,1,1,0,1,1,0,0,0,0,0,
1,0,1,1,1,1,0,0,1,1,1,0,1,0,0,1,0,0,0,0,1,
1,1,1,1,1,1,1,1,1,0,0,1,1,1,1,1,0,0,1,1,0,
1,1,1,1,0,1,1,0,0,0,1,1,0,1,1,1,0,1,1,1,1,
0,1,0,0,1,1,0,1,1,1,1,1,1,1,1,1,1,1,0,1,1,
1,0,1,1,1,1,0,0,0,1,1,1,1,1,0,1,1,0,1,1,1,
1,1,1,0,0,1,1,1,1,0,0,0,0,1,1,0,1,0,0,1,1,
1,1,0,1,1,1,1,0,0,0,1,1,1,1,1,0,0,1,1,1,1,
1,1,0,1,0,0,1,0,0,0,1,0,0,1,1,1,0,1,0,1,1,
1,1,0,0,1,0,0,0,1,1,0,1,1,1,0,0,1,1,1,1,1,
1,0,1,0,0,1,1,1,1,0,0,1,1,1,1,0,0,1,0,0,0,
0,1,1,1,1,1,1,0,0,1,1,1,1,0,1,1,1,1,1,0,0,
1,1,0,0,0,1,1,0,0,1,1,1,1,1,1,1,1,1,0,0,1,
0,1,0,1,1,1,0,0,0,1,1,1,1,0,1,1,0,0,1,0,1,
1,0,1,1,1,1,0,1,0,1,1,1,1,0,0,0,1,1,1,1,1,
0,1,0,0,0,1,0,1,0,1,1,1,0,0,0,0,0,0,0,1,1,
0,1,1,0,0,0,0,1,1,0,1,1,0,0,1,1,0,1,1,1,0,
1,1,1,1,1,1,0,0,0,1,0,1,0,1,1,1,0,0,1,0,1,
1,1,0,1,1,1,1,1,1,1,1,0,1,0,0,1,1,1,0,0,0,
1,1,1,1,0,1,0,0,0,0,0,0,1,0,0,1,1,1,1,1,1,
1,1,1,1,1,1,1,0,0,1,1,0,0,1,1,0,1,0,0,0,1,
1,1,1,0,1,1,0,0,1,1,0,0,1,0,1,1,1,0,0,1,0,
0,0,1,1,1,0,0,1,1,1,1,1,1,1,1,1,1,1,0,0,1,
0,1,1,0,1,0,1,1,0,1,1,1,0,1,1,1,0,0,0,0,1,
1,1,0,1,0,0,0,1,1,1,1,1,1,1,1,1,1,0,1,1,1,
1,1,1,0,1,1,0,1,0,1,1,1,1,1,1,0,0,1,1,1,1,
1,1,1,1,0,0,1,1,1,1,0,0,1,0,1,1,1,1,1,1,1,
1,1,1,1,1,1,0,1,0,0,1,1,1,1,1,1,0,0,1,1,1,
0,1,0,0,0,0,1,1,0,0,1,1,0,1,1,1,1,1,0,1,1,
1,0,1,1,0,1,0,1,0,1,1,0,1,1,0,0,1,1,1,1,1,
1,0,1,1,1,1,1,1,0,0,1,1,1,1,1,1,0,0,1,1,1,
0,1,1,1,0,0,0,1,1,0,1,1,1,1,1,1,1,1,1,1,0,
0,1,1,1,0,1,1,1,1,1,1,1,1,1,0,0,1,1,1,0,1,
1,0,1,0,1,0,1,0,1,0,0,1,1,1,1,0,0,0,0,0,1,
0,1,0,0,0,1,1,1,0,1,1,0,1,1,1,1,0,0,0,1,1,
1,1,1,1,0,1,0,0,1,1,1,0,0,1,1,0,1,1,0,0,0,
1,1,1,1,1,1,1,1,1,0,0,0,1,1,1,0,1,1,1,0,0,
1,1,0,1,0,1,1,1,1,1,0,1,1,0,1,1,1,1,1,1,1,
1,1,1,1,1,1,1,0,0,1,0,1,1,1,1,1,1,0,0,1,0,
0,0,0,0,0,0,0,1,1,1,1,1,1,0,1,0,0,1,1,0,1,
1,1,1,1,1,1,1,1,0,1,0,0,1,0,1,0,1,0,0,0,0,
1,1,0,1,1,1,1,1,1,1,0,0,1,1,0,0,0,0,0,0,0,
1,1,0,0,1,0,0,0,1,0,1,0,1,1,1,1,0,0,1,0,1,
1,0,0,0,0,1,0,1,1,0,0,1,1,1,0,1,1,0,0,1,0,
1,0,1,1,1,0,0,0,1,1,1,0,1,1,0,1,0,1,1,0,0,
1,0,0,1,1,1,0,0,1,1,0,1,1,1,1,1,1,1,1,1,0,
1,1,1,1,1,0,0,0,0,0,0,1,0,1,1,1,0,0,1,1,0,
1,1,1,0,0,0,1,1,1,1,1,1,1,1,1,1,0,1,0,0,1,
1,0,1,0,0,0,0,1,0,1,0,0,1,0,0,1,1,1,1,1,1,
1,1,0,1,1,0,1,0,0,0,0,0,0,1,1,1,1,0,0,0,0,
0,0,0,1,1,1,1,0,1,0,0,1,1,1,0,0,0,1,1,1,1,
1,1,0,0,0,0,1,1,0,0,1,1,1,0,0,1,1,1,0,0,1,
0,0,1,1,1,0,0,0,0,1,1,1,0,0,1,1,1,1,1,0,0,
0,1,1,1,1,1,1,0,1,1,1,1,1,0,0,0,1,1,1,0,0,
0,1,0,0,0,1,1,1,1,1,1,0,1,0,0,1,1,1,1,0,1,
0,0,1,1,1,0,1,1,1,1,1,1,1,1,1,0,1,0,1,1,1,
0,0,0,1,1,1,1,0,1,0,0,1,1,1,0,0,1,1,0,0,0,
0,0,0,0,1,1,0,1,1,0,0,0,1,0,1,1,0,1,0,1,0,
0,1,0,0,1,0,1,1,0,1,0,0,1,0,1,1,0,1,1,1,1,
0,0,1,1,1,1,0,0,1,0,1,1,1,1,0,1,1,1,1,0,0,
1,1,1,1,1,1,0,1,0,1,1,1,1,1,0,0,1,0,1,1,1,
1,0,1,1,1,1,0,0,0,1,1,1,1,0,0,1,1,0,0,0,0,
0,1,1,1,0,0,1,1,1,1,1,1,0,0,1,1,1,1,0,1,1,
0,0,1,1,1,0,0,1,1,1,0),numnn = c(2L,3L,3L,3L,3L,
3L,3L,3L,3L,3L,3L,3L,3L,3L,3L,3L,3L,3L,3L,3L,3L,
3L,3L,3L,3L,3L,3L,3L,3L,3L,3L,3L,3L,3L,3L,3L,3L,
3L,3L,2L,3L,4L,4L,4L,4L,4L,4L,4L,4L,4L,4L,4L,4L,
4L,4L,4L,4L,4L,4L,4L,4L,4L,4L,4L,4L,4L,4L,4L,4L,
4L,4L,4L,4L,4L,4L,4L,4L,4L,4L,3L,3L,4L,4L,4L,4L,
4L,4L,4L,4L,4L,4L,4L,4L,4L,4L,4L,4L,4L,4L,4L,4L,
4L,4L,4L,4L,4L,4L,4L,4L,4L,4L,4L,4L,4L,4L,4L,4L,
4L,4L,3L,3L,4L,4L,4L,4L,4L,4L,4L,4L,4L,4L,4L,4L,
4L,4L,4L,4L,4L,4L,4L,4L,4L,4L,4L,4L,4L,4L,4L,4L,
4L,4L,4L,4L,4L,4L,4L,4L,4L,4L,3L,3L,4L,4L,4L,4L,
4L,4L,4L,4L,4L,4L,4L,4L,4L,4L,4L,4L,4L,4L,4L,4L,
4L,4L,4L,4L,4L,4L,4L,4L,4L,4L,4L,4L,4L,4L,4L,4L,
4L,4L,3L,3L,4L,4L,4L,4L,4L,4L,4L,4L,4L,4L,4L,4L,
4L,4L,4L,4L,4L,4L,4L,4L,4L,4L,4L,4L,4L,4L,4L,4L,
4L,4L,4L,4L,4L,4L,4L,4L,4L,4L,3L,3L,4L,4L,4L,4L,
4L,4L,4L,4L,4L,4L,4L,4L,4L,4L,4L,4L,4L,4L,4L,4L,
4L,4L,4L,4L,4L,4L,4L,4L,4L,4L,4L,4L,4L,4L,4L,4L,
4L,4L,3L,3L,4L,4L,4L,4L,4L,4L,4L,4L,4L,4L,4L,4L,
4L,4L,4L,4L,4L,4L,4L,4L,4L,4L,4L,4L,4L,4L,4L,4L,
4L,4L,4L,4L,4L,4L,4L,4L,4L,4L,3L,3L,4L,4L,4L,4L,
4L,4L,4L,4L,4L,4L,4L,4L,4L,4L,4L,4L,4L,4L,4L,4L,
4L,4L,4L,4L,4L,4L,4L,4L,4L,4L,4L,4L,4L,4L,4L,4L,
4L,4L,3L,3L,4L,4L,4L,4L,4L,4L,4L,4L,4L,4L,4L,4L,
4L,4L,4L,4L,4L,4L,4L,4L,4L,4L,4L,4L,4L,4L,4L,4L,
4L,4L,4L,4L,4L,4L,4L,4L,4L,4L,3L,3L,4L,4L,4L,4L,
4L,4L,4L,4L,4L,4L,4L,4L,4L,4L,4L,4L,4L,4L,4L,4L,
4L,4L,4L,4L,4L,4L,4L,4L,4L,4L,4L,4L,4L,4L,4L,4L,
4L,4L,3L,3L,4L,4L,4L,4L,4L,4L,4L,4L,4L,4L,4L,4L,
4L,4L,4L,4L,4L,4L,4L,4L,4L,4L,4L,4L,4L,4L,4L,4L,
4L,4L,4L,4L,4L,4L,4L,4L,4L,4L,3L,3L,4L,4L,4L,4L,
4L,4L,4L,4L,4L,4L,4L,4L,4L,4L,4L,4L,4L,4L,4L,4L,
4L,4L,4L,4L,4L,4L,4L,4L,4L,4L,4L,4L,4L,4L,4L,4L,
4L,4L,3L,3L,4L,4L,4L,4L,4L,4L,4L,4L,4L,4L,4L,4L,
4L,4L,4L,4L,4L,4L,4L,4L,4L,4L,4L,4L,4L,4L,4L,4L,
4L,4L,4L,4L,4L,4L,4L,4L,4L,4L,3L,3L,4L,4L,4L,4L,
4L,4L,4L,4L,4L,4L,4L,4L,4L,4L,4L,4L,4L,4L,4L,4L,
4L,4L,4L,4L,4L,4L,4L,4L,4L,4L,4L,4L,4L,4L,4L,4L,
4L,4L,3L,3L,4L,4L,4L,4L,4L,4L,4L,4L,4L,4L,4L,4L,
4L,4L,4L,4L,4L,4L,4L,4L,4L,4L,4L,4L,4L,4L,4L,4L,
4L,4L,4L,4L,4L,4L,4L,4L,4L,4L,3L,3L,4L,4L,4L,4L,
4L,4L,4L,4L,4L,4L,4L,4L,4L,4L,4L,4L,4L,4L,4L,4L,
4L,4L,4L,4L,4L,4L,4L,4L,4L,4L,4L,4L,4L,4L,4L,4L,
4L,4L,3L,3L,4L,4L,4L,4L,4L,4L,4L,4L,4L,4L,4L,4L,
4L,4L,4L,4L,4L,4L,4L,4L,4L,4L,4L,4L,4L,4L,4L,4L,
4L,4L,4L,4L,4L,4L,4L,4L,4L,4L,3L,3L,4L,4L,4L,4L,
4L,4L,4L,4L,4L,4L,4L,4L,4L,4L,4L,4L,4L,4L,4L,4L,
4L,4L,4L,4L,4L,4L,4L,4L,4L,4L,4L,4L,4L,4L,4L,4L,
4L,4L,3L,3L,4L,4L,4L,4L,4L,4L,4L,4L,4L,4L,4L,4L,
4L,4L,4L,4L,4L,4L,4L,4L,4L,4L,4L,4L,4L,4L,4L,4L,
4L,4L,4L,4L,4L,4L,4L,4L,4L,4L,3L,3L,4L,4L,4L,4L,
4L,4L,4L,4L,4L,4L,4L,4L,4L,4L,4L,4L,4L,4L,4L,4L,
4L,4L,4L,4L,4L,4L,4L,4L,4L,4L,4L,4L,4L,4L,4L,4L,
4L,4L,3L,3L,4L,4L,4L,4L,4L,4L,4L,4L,4L,4L,4L,4L,
4L,4L,4L,4L,4L,4L,4L,4L,4L,4L,4L,4L,4L,4L,4L,4L,
4L,4L,4L,4L,4L,4L,4L,4L,4L,4L,3L,3L,4L,4L,4L,4L,
4L,4L,4L,4L,4L,4L,4L,4L,4L,4L,4L,4L,4L,4L,4L,4L,
4L,4L,4L,4L,4L,4L,4L,4L,4L,4L,4L,4L,4L,4L,4L,4L,
4L,4L,3L,3L,4L,4L,4L,4L,4L,4L,4L,4L,4L,4L,4L,4L,
4L,4L,4L,4L,4L,4L,4L,4L,4L,4L,4L,4L,4L,4L,4L,4L,
4L,4L,4L,4L,4L,4L,4L,4L,4L,4L,3L,3L,4L,4L,4L,4L,
4L,4L,4L,4L,4L,4L,4L,4L,4L,4L,4L,4L,4L,4L,4L,4L,
4L,4L,4L,4L,4L,4L,4L,4L,4L,4L,4L,4L,4L,4L,4L,4L,
4L,4L,3L,3L,4L,4L,4L,4L,4L,4L,4L,4L,4L,4L,4L,4L,
4L,4L,4L,4L,4L,4L,4L,4L,4L,4L,4L,4L,4L,4L,4L,4L,
4L,4L,4L,4L,4L,4L,4L,4L,4L,4L,3L,3L,4L,4L,4L,4L,
4L,4L,4L,4L,4L,4L,4L,4L,4L,4L,4L,4L,4L,4L,4L,4L,
4L,4L,4L,4L,4L,4L,4L,4L,4L,4L,4L,4L,4L,4L,4L,4L,
4L,4L,3L,3L,4L,4L,4L,4L,4L,4L,4L,4L,4L,4L,4L,4L,
4L,4L,4L,4L,4L,4L,4L,4L,4L,4L,4L,4L,4L,4L,4L,4L,
4L,4L,4L,4L,4L,4L,4L,4L,4L,4L,3L,3L,4L,4L,4L,4L,
4L,4L,4L,4L,4L,4L,4L,4L,4L,4L,4L,4L,4L,4L,4L,4L,
4L,4L,4L,4L,4L,4L,4L,4L,4L,4L,4L,4L,4L,4L,4L,4L,
4L,4L,3L,3L,4L,4L,4L,4L,4L,4L,4L,4L,4L,4L,4L,4L,
4L,4L,4L,4L,4L,4L,4L,4L,4L,4L,4L,4L,4L,4L,4L,4L,
4L,4L,4L,4L,4L,4L,4L,4L,4L,4L,3L,3L,4L,4L,4L,4L,
4L,4L,4L,4L,4L,4L,4L,4L,4L,4L,4L,4L,4L,4L,4L,4L,
4L,4L,4L,4L,4L,4L,4L,4L,4L,4L,4L,4L,4L,4L,4L,4L,
4L,4L,3L,3L,4L,4L,4L,4L,4L,4L,4L,4L,4L,4L,4L,4L,
4L,4L,4L,4L,4L,4L,4L,4L,4L,4L,4L,4L,4L,4L,4L,4L,
4L,4L,4L,4L,4L,4L,4L,4L,4L,4L,3L,3L,4L,4L,4L,4L,
4L,4L,4L,4L,4L,4L,4L,4L,4L,4L,4L,4L,4L,4L,4L,4L,
4L,4L,4L,4L,4L,4L,4L,4L,4L,4L,4L,4L,4L,4L,4L,4L,
4L,4L,3L,3L,4L,4L,4L,4L,4L,4L,4L,4L,4L,4L,4L,4L,
4L,4L,4L,4L,4L,4L,4L,4L,4L,4L,4L,4L,4L,4L,4L,4L,
4L,4L,4L,4L,4L,4L,4L,4L,4L,4L,3L,3L,4L,4L,4L,4L,
4L,4L,4L,4L,4L,4L,4L,4L,4L,4L,4L,4L,4L,4L,4L,4L,
4L,4L,4L,4L,4L,4L,4L,4L,4L,4L,4L,4L,4L,4L,4L,4L,
4L,4L,3L,3L,4L,4L,4L,4L,4L,4L,4L,4L,4L,4L,4L,4L,
4L,4L,4L,4L,4L,4L,4L,4L,4L,4L,4L,4L,4L,4L,4L,4L,
4L,4L,4L,4L,4L,4L,4L,4L,4L,4L,3L,3L,4L,4L,4L,4L,
4L,4L,4L,4L,4L,4L,4L,4L,4L,4L,4L,4L,4L,4L,4L,4L,
